Single-Difference Ambiguity Constraint  tenc                COMMENT
    SD                                                      TYPE OF CONSTRAINT
   265   243   210                                          G   AMB FIXING (T/W/N)
   135   129   111                                          E   AMB FIXING (T/W/N)
    66    66    66    ROUNDING                              IND AMB FIXING (T/W/N)
                                                            END OF HEADER
 G05 G12 2022  1  3  0  0  0.000000 2022  1  3  0 54  0.000000            11          -65
 E01 E33 2022  1  3  0  0  0.000000 2022  1  3  1 29 30.000000            15           69
 E04 E33 2022  1  3  0  0  0.000000 2022  1  3  1 29 30.000000            -3            2
 G10 G15 2022  1  3  0  0  0.000000 2022  1  3  2 16  0.000000            -6           28
 G15 G18 2022  1  3  0  0  0.000000 2022  1  3  2 16  0.000000          -264         -231
 E12 E19 2022  1  3  0  0  0.000000 2022  1  3  2 19  0.000000             4          -24
 E19 E11 2022  1  3  1  4  0.000000 2022  1  3  2 59 30.000000             5          -17
 E04 E11 2022  1  3  1  4  0.000000 2022  1  3  2 59 30.000000             7          -18
 G23 G24 2022  1  3  0  0  0.000000 2022  1  3  3  7  0.000000            75           48
 E01 E21 2022  1  3  0  0  0.000000 2022  1  3  4  5  0.000000            27           37
 E21 E09 2022  1  3  3  5  0.000000 2022  1  3  4  5  0.000000             9          -30
 G10 G23 2022  1  3  0  0  0.000000 2022  1  3  4 14  0.000000           -41           17
 G12 G32 2022  1  3  0 31  0.000000 2022  1  3  4 19 30.000000           -70          -68
 G10 G16 2022  1  3  4 55 30.000000 2022  1  3  5 21  0.000000           -10         -119
 G25 G26 2022  1  3  3 22 30.000000 2022  1  3  5 44  0.000000           -29          -42
 G29 G03 2022  1  3  5  1 30.000000 2022  1  3  6 54 30.000000          -261         -204
 G31 G29 2022  1  3  3 20  0.000000 2022  1  3  6 54 30.000000            45          -11
 G32 G26 2022  1  3  3 22 30.000000 2022  1  3  7 33  0.000000             6          -83
 E04 E33 2022  1  3  6 30  0.000000 2022  1  3  7 50  0.000000            54         -155
 G26 G04 2022  1  3  6 16 30.000000 2022  1  3  9 23 30.000000            82          188
 G26 G09 2022  1  3  7 42 30.000000 2022  1  3  9 23 30.000000            25          136
 G31 G07 2022  1  3  9  8 30.000000 2022  1  3  9 26  0.000000           -39           47
 E09 E25 2022  1  3  7 29  0.000000 2022  1  3  9 53  0.000000           -29          -96
 E24 E05 2022  1  3  5 47  0.000000 2022  1  3 10 31  0.000000           -11           55
 E05 E36 2022  1  3 10  3 30.000000 2022  1  3 10 31  0.000000           -18          -25
 G16 G04 2022  1  3  6 16 30.000000 2022  1  3 10 48  0.000000            45          130
 G09 G07 2022  1  3  9  8 30.000000 2022  1  3 10 59 30.000000           -14           19
 E31 E24 2022  1  3  4 22  0.000000 2022  1  3 11 12 30.000000             0           15
 G16 G21 2022  1  3  8 50 30.000000 2022  1  3 12  0  0.000000            37           61
 G16 G01 2022  1  3  9 43 30.000000 2022  1  3 12  0  0.000000            12           21
 G27 G08 2022  1  3  7 11 30.000000 2022  1  3 12  0 30.000000          -128         -143
 E12 E11 2022  1  3  8 13  0.000000 2022  1  3 12 16  0.000000            -4            3
 E24 E11 2022  1  3  8 13  0.000000 2022  1  3 13 51 30.000000             0           24
 G08 G03 2022  1  3 11 54 30.000000 2022  1  3 13 52  0.000000            32          144
 G07 G17 2022  1  3 11 38  0.000000 2022  1  3 14 21  0.000000          -113         -126
 G21 G03 2022  1  3 11 54 30.000000 2022  1  3 14 27 30.000000            -3           63
 G30 G14 2022  1  3 11 39  0.000000 2022  1  3 14 51  0.000000          -146          -97
 G30 G17 2022  1  3 11 38  0.000000 2022  1  3 14 51  0.000000          -121         -130
 E11 E09 2022  1  3 14 18  0.000000 2022  1  3 15 22  0.000000           -25           78
 E25 E05 2022  1  3 14 44  0.000000 2022  1  3 16 13 30.000000            20          140
 E25 E36 2022  1  3 10  3 30.000000 2022  1  3 16 13 30.000000            16           65
 G03 G09 2022  1  3 15 14  0.000000 2022  1  3 16 39  0.000000           -20           16
 G03 G04 2022  1  3 15  4 30.000000 2022  1  3 16 39  0.000000           -42           17
 G14 G19 2022  1  3 13  8 30.000000 2022  1  3 17 19 30.000000           171          151
 E02 E03 2022  1  3 16 18  0.000000 2022  1  3 17 52 30.000000           -23          -10
 E30 E15 2022  1  3 16 10  0.000000 2022  1  3 18 27 30.000000             6           -6
 G12 G13 2022  1  3 18 19 30.000000 2022  1  3 19 33 30.000000          -241         -251
 G02 G12 2022  1  3 16 34 30.000000 2022  1  3 19 33 30.000000           150          150
 G19 G29 2022  1  3 19  5 30.000000 2022  1  3 19 53  0.000000            29           32
 E05 E13 2022  1  3 19 40  0.000000 2022  1  3 20 41 30.000000            -6           15
 G06 G15 2022  1  3 19 24  0.000000 2022  1  3 21  6  0.000000           126          171
 G06 G29 2022  1  3 19  5 30.000000 2022  1  3 21  6  0.000000            81          117
 G30 G29 2022  1  3 19  5 30.000000 2022  1  3 21 57  0.000000             7           25
 G29 G18 2022  1  3 21 11 30.000000 2022  1  3 23  0  0.000000          -231         -207
 G29 G23 2022  1  3 22 11  0.000000 2022  1  3 23  0  0.000000           -38          -11
 G20 G05 2022  1  3 17 28  0.000000 2022  1  3 23 29 30.000000          -122         -120
 G20 G15 2022  1  3 19 24  0.000000 2022  1  3 23 29 30.000000             1           11
 E07 E26 2022  1  3 22 31  0.000000 2022  1  3 23 55  0.000000            -6           18
 E03 E13 2022  1  3 19 40  0.000000 2022  1  3 23 58 30.000000            19           10
 E03 E08 2022  1  3 18 28  0.000000 2022  1  3 23 58 30.000000            -2           15
 G05 G13 2022  1  3 18 19 30.000000 2022  1  3 23 59  0.000000           -32          -28
 E13 E07 2022  1  3 21 11  0.000000 2022  1  3 23 59  0.000000             3           -8
 E15 E08 2022  1  3 18 28  0.000000 2022  1  3 23 59  0.000000           -29           15
 G13 G24 2022  1  3 21 13  0.000000 2022  1  3 23 59  0.000000            13           -4
 E15 E02 2022  1  3 22 29  0.000000 2022  1  3 23 59  0.000000            -3           -5
 E02 E30 2022  1  3 22 54  0.000000 2022  1  3 23 59  0.000000           -19          -21
