Single-Difference Ambiguity Constraint  tenc                COMMENT
    SD                                                      TYPE OF CONSTRAINT
   271   251   205                                          G   AMB FIXING (T/W/N)
   140   120    94                                          E   AMB FIXING (T/W/N)
    68    67    64    ROUNDING                              IND AMB FIXING (T/W/N)
                                                            END OF HEADER
 G05 G12 2022  1  4  0  0  0.000000 2022  1  4  0 50  0.000000           -32          -93
 E13 E27 2022  1  4  0 39  0.000000 2022  1  4  1 55  0.000000            22          -79
 E07 E13 2022  1  4  0  0  0.000000 2022  1  4  1 55  0.000000            -3            8
 G15 G32 2022  1  4  0 27  0.000000 2022  1  4  2 12  0.000000          -110         -180
 G15 G24 2022  1  4  0  0  0.000000 2022  1  4  2 12  0.000000          -142         -162
 G10 G18 2022  1  4  0  0  0.000000 2022  1  4  2 18  0.000000           -23           40
 G18 G23 2022  1  4  0  0  0.000000 2022  1  4  2 18  0.000000           193          195
 E02 E08 2022  1  4  0  0  0.000000 2022  1  4  2 18 30.000000           -26           21
 E02 E27 2022  1  4  0 39  0.000000 2022  1  4  2 18 30.000000            17          -63
 E07 E26 2022  1  4  0  0  0.000000 2022  1  4  2 37 30.000000            -6           18
 G24 G25 2022  1  4  0 28 30.000000 2022  1  4  3  3  0.000000            46          -61
 E08 E30 2022  1  4  0  0  0.000000 2022  1  4  4  0 30.000000             7          -42
 G23 G32 2022  1  4  0 27  0.000000 2022  1  4  4 10  0.000000           -27         -116
 G12 G31 2022  1  4  1 55  0.000000 2022  1  4  4 15  0.000000           205          145
 G25 G31 2022  1  4  1 55  0.000000 2022  1  4  5 40  0.000000           146          145
 G25 G26 2022  1  4  3 18  0.000000 2022  1  4  5 40  0.000000            34          -65
 G29 G16 2022  1  4  4 51 30.000000 2022  1  4  6 50 30.000000            45           59
 G31 G03 2022  1  4  4 58  0.000000 2022  1  4  7 23  0.000000          -101          -76
 G32 G16 2022  1  4  4 51 30.000000 2022  1  4  7 28 30.000000           112           -2
 G32 G04 2022  1  4  6 12  0.000000 2022  1  4  7 28 30.000000            11           24
 E27 E01 2022  1  4  5 24  0.000000 2022  1  4  8 29 30.000000           -36          -93
 E27 E21 2022  1  4  2 48  0.000000 2022  1  4  8 29 30.000000            14          -71
 E19 E31 2022  1  4  9 25  0.000000 2022  1  4 10  4  0.000000            -7            6
 E19 E01 2022  1  4  5 24  0.000000 2022  1  4 10  4  0.000000           -33         -117
 E21 E13 2022  1  4  6 28  0.000000 2022  1  4 10 39 30.000000            14           -7
 E04 E31 2022  1  4  9 25  0.000000 2022  1  4 10 44 30.000000             6          -15
 G09 G07 2022  1  4  9  4  0.000000 2022  1  4 10 55  0.000000           212          254
 G09 G30 2022  1  4 10 16 30.000000 2022  1  4 10 55  0.000000           131          177
 G27 G01 2022  1  4  9 39  0.000000 2022  1  4 11 56 30.000000           -48          -47
 G27 G07 2022  1  4  9  4  0.000000 2022  1  4 11 56 30.000000           -17          127
 G16 G14 2022  1  4 11 35  0.000000 2022  1  4 12  4  0.000000           -98           88
 G16 G17 2022  1  4 11 34  0.000000 2022  1  4 12  4  0.000000           -82           55
 G08 G21 2022  1  4  8 46 30.000000 2022  1  4 13  1 30.000000           121          152
 G08 G01 2022  1  4  9 39  0.000000 2022  1  4 13  1 30.000000            56           79
 E26 E33 2022  1  4  8 44  0.000000 2022  1  4 13 26  0.000000            51            4
 E26 E12 2022  1  4 11 13  0.000000 2022  1  4 13 26  0.000000            19           86
 G21 G03 2022  1  4 11 50 30.000000 2022  1  4 14 23  0.000000           -23           37
 G30 G17 2022  1  4 11 34  0.000000 2022  1  4 14 46  0.000000            54           42
 G03 G04 2022  1  4 15  0 30.000000 2022  1  4 16 14 30.000000           -11           83
 G03 G09 2022  1  4 15 10  0.000000 2022  1  4 16 35  0.000000           -72            3
 G03 G04 2022  1  4 16 15  0.000000 2022  1  4 16 35  0.000000           -34           83
 E31 E12 2022  1  4 11 13  0.000000 2022  1  4 16 54  0.000000            -3            8
 E31 E04 2022  1  4 15 25  0.000000 2022  1  4 16 54  0.000000           -32           38
 G14 G19 2022  1  4 13  4 30.000000 2022  1  4 17 15 30.000000            -1          -11
 E24 E11 2022  1  4 13 47  0.000000 2022  1  4 18  9 30.000000             1           -6
 E24 E36 2022  1  4 17 55 30.000000 2022  1  4 18  9 30.000000            -4          -16
 E11 E25 2022  1  4 15 10  0.000000 2022  1  4 18 50 30.000000            -9           -4
 G12 G05 2022  1  4 17 23 30.000000 2022  1  4 19 29  0.000000          -163         -168
 G02 G12 2022  1  4 16 30 30.000000 2022  1  4 19 29  0.000000            33           35
 G19 G30 2022  1  4 18 57 30.000000 2022  1  4 19 49  0.000000            42           28
 G06 G29 2022  1  4 19  2  0.000000 2022  1  4 21  1 30.000000          -103          -60
 G06 G30 2022  1  4 18 57 30.000000 2022  1  4 21  1 30.000000             9           38
 E04 E05 2022  1  4 19 24  0.000000 2022  1  4 21 45  0.000000            15            4
 G29 G23 2022  1  4 22  7  0.000000 2022  1  4 22 57  0.000000            91           95
 G02 G13 2022  1  4 18 15 30.000000 2022  1  4 22 57  0.000000            87           81
 G29 G18 2022  1  4 21  7 30.000000 2022  1  4 22 57  0.000000            95          118
 E11 E24 2022  1  4 22 24  0.000000 2022  1  4 23  5 30.000000             3           -8
 G20 G18 2022  1  4 21  7 30.000000 2022  1  4 23 25 30.000000           -21            4
 G20 G15 2022  1  4 19 19 30.000000 2022  1  4 23 25 30.000000          -142         -136
 G13 G15 2022  1  4 19 19 30.000000 2022  1  4 23 59  0.000000          -128         -125
 E09 E05 2022  1  4 19 24  0.000000 2022  1  4 23 59  0.000000            -4            3
 E09 E36 2022  1  4 17 55 30.000000 2022  1  4 23 59  0.000000            -1            0
 E24 E25 2022  1  4 23 38  0.000000 2022  1  4 23 59  0.000000            10          -32
 G05 G24 2022  1  4 21  9  0.000000 2022  1  4 23 59  0.000000           -97         -106
