Single-Difference Ambiguity Constraint  tenc                COMMENT
    SD                                                      TYPE OF CONSTRAINT
   267   250   206                                          G   AMB FIXING (T/W/N)
   125   120   102                                          E   AMB FIXING (T/W/N)
    65    65    64    ROUNDING                              IND AMB FIXING (T/W/N)
                                                            END OF HEADER
 E24 E36 2022  1  5  0  0  0.000000 2022  1  5  0 57 30.000000            -8           -1
 E03 E09 2022  1  5  0  0  0.000000 2022  1  5  1 33 30.000000             2           -8
 E09 E02 2022  1  5  1 13  0.000000 2022  1  5  1 33 30.000000            28          -84
 E09 E15 2022  1  5  0  0  0.000000 2022  1  5  1 33 30.000000             9           -7
 G15 G23 2022  1  5  0  0  0.000000 2022  1  5  2  8  0.000000           117          117
 G15 G32 2022  1  5  0 23  0.000000 2022  1  5  2  8  0.000000           117           49
 G10 G18 2022  1  5  0  0  0.000000 2022  1  5  2 13 30.000000            55          119
 G18 G23 2022  1  5  0  0  0.000000 2022  1  5  2 13 30.000000            -4          -23
 G24 G32 2022  1  5  0 23  0.000000 2022  1  5  2 59  0.000000           303          245
 E24 E25 2022  1  5  0  0  0.000000 2022  1  5  3 13 30.000000            10          -32
 G12 G26 2022  1  5  3 14  0.000000 2022  1  5  4 11  0.000000           -10         -169
 E05 E02 2022  1  5  1 13  0.000000 2022  1  5  5  0 30.000000            32          -87
 E05 E08 2022  1  5  2 21  0.000000 2022  1  5  5  0 30.000000             7          -42
 G25 G31 2022  1  5  1 51  0.000000 2022  1  5  5 36  0.000000            36           36
 G25 G26 2022  1  5  3 14  0.000000 2022  1  5  5 36  0.000000           -40         -138
 E25 E08 2022  1  5  2 21  0.000000 2022  1  5  6 10  0.000000           -14           -8
 G29 G04 2022  1  5  6  8  0.000000 2022  1  5  6 46 30.000000           -17          116
 G32 G29 2022  1  5  3 12  0.000000 2022  1  5  6 46 30.000000             9         -101
 G26 G03 2022  1  5  4 53 30.000000 2022  1  5  7 19  0.000000           -14          127
 G31 G16 2022  1  5  4 47 30.000000 2022  1  5  9 17  0.000000          -252         -358
 E08 E15 2022  1  5  7 38  0.000000 2022  1  5  9 21 30.000000            29          -88
 E02 E13 2022  1  5  9 28  0.000000 2022  1  5  9 52  0.000000             9          -13
 G26 G09 2022  1  5  7 34  0.000000 2022  1  5 10  1 30.000000            73          226
 E07 E27 2022  1  5  6 38  0.000000 2022  1  5 10 16 30.000000            47         -124
 E30 E07 2022  1  5  5  7  0.000000 2022  1  5 10 16 30.000000           -28          113
 G16 G04 2022  1  5  6  8  0.000000 2022  1  5 10 39 30.000000           205          384
 G27 G17 2022  1  5 11 30  0.000000 2022  1  5 11 52 30.000000          -217          -58
 G27 G01 2022  1  5  9 35 30.000000 2022  1  5 11 52 30.000000          -204         -177
 G16 G14 2022  1  5 11 30  0.000000 2022  1  5 11 59 30.000000           177          407
 G16 G30 2022  1  5 10 12 30.000000 2022  1  5 11 59 30.000000           221          415
 E30 E15 2022  1  5  7 38  0.000000 2022  1  5 13 10 30.000000            -5           28
 G08 G21 2022  1  5  8 42 30.000000 2022  1  5 13 44  0.000000           -51            1
 G08 G03 2022  1  5 11 47  0.000000 2022  1  5 13 44  0.000000           -40           68
 G07 G17 2022  1  5 11 30  0.000000 2022  1  5 14 12 30.000000            23           18
 G07 G30 2022  1  5 10 12 30.000000 2022  1  5 14 12 30.000000            22           26
 G01 G03 2022  1  5 11 47  0.000000 2022  1  5 15 22 30.000000           -19           63
 E27 E26 2022  1  5 12  9  0.000000 2022  1  5 15 33 30.000000           -46          157
 G03 G09 2022  1  5 15  6  0.000000 2022  1  5 16 31  0.000000             8           60
 G03 G04 2022  1  5 14 56 30.000000 2022  1  5 16 31  0.000000           -24           59
 G14 G19 2022  1  5 13  0 30.000000 2022  1  5 17 11 30.000000            37           28
 G14 G06 2022  1  5 13 31  0.000000 2022  1  5 17 11 30.000000            22          -23
 E08 E07 2022  1  5 14 35  0.000000 2022  1  5 17 22  0.000000            10          -20
 E21 E26 2022  1  5 12  9  0.000000 2022  1  5 17 36 30.000000            13          -11
 E21 E01 2022  1  5 13 24  0.000000 2022  1  5 17 36 30.000000            -1            5
 E01 E33 2022  1  5 14 56  0.000000 2022  1  5 18 16  0.000000             1            0
 E13 E07 2022  1  5 14 35  0.000000 2022  1  5 18 45 30.000000           -26           85
 E31 E19 2022  1  5 17 56  0.000000 2022  1  5 18 54 30.000000            -3            2
 G12 G05 2022  1  5 17 20  0.000000 2022  1  5 19 24 30.000000          -107         -121
 G06 G30 2022  1  5 18 53 30.000000 2022  1  5 20 57 30.000000           -33          -12
 G20 G30 2022  1  5 18 53 30.000000 2022  1  5 21 48 30.000000           -45          -57
 G02 G29 2022  1  5 18 57 30.000000 2022  1  5 22 52 30.000000           108           88
 G02 G13 2022  1  5 18 11 30.000000 2022  1  5 22 52 30.000000            14           -5
 G29 G23 2022  1  5 22  3 30.000000 2022  1  5 22 53  0.000000           -43          -39
 G20 G23 2022  1  5 22  3 30.000000 2022  1  5 23 21 30.000000            23           23
 E33 E12 2022  1  5 19 52  0.000000 2022  1  5 23 46  0.000000            -2           21
 E33 E19 2022  1  5 17 56  0.000000 2022  1  5 23 46  0.000000             3           -2
 E04 E11 2022  1  5 22 14  0.000000 2022  1  5 23 55  0.000000            -4           20
 G05 G15 2022  1  5 19 15 30.000000 2022  1  5 23 59  0.000000           -17          -25
 G15 G18 2022  1  5 21  3 30.000000 2022  1  5 23 59  0.000000           258          280
 E04 E21 2022  1  5 22 11  0.000000 2022  1  5 23 59  0.000000            12          -17
 E12 E04 2022  1  5 20 25  0.000000 2022  1  5 23 59  0.000000             0          -18
 G13 G18 2022  1  5 21  3 30.000000 2022  1  5 23 59  0.000000            39           57
 G13 G24 2022  1  5 21  5  0.000000 2022  1  5 23 59  0.000000            33           22
 E19 E01 2022  1  5 22 43  0.000000 2022  1  5 23 59  0.000000           -15          -19
